1449
888
1405
1025
427
874
451
130
1197
837
7
73
1282
539
466
1344
172
1387
1178
589
214
274
434
384
1591
956
965
1603
173
953
850
1581
1129
290
664
634
123
648
34
1244
139
92
483
715
397
441
732
641
1519
234
1036
1556
977
680
1037
1217
401
424
1230
518
1554
1517
39
871
265
185
669
1318
1086
1492
1156
1330
1252
1232
898
1483
1369
457
1047
1297
833
1548
1243
21
1241
80
987
1518
1046
49
498
1234
1624
762
502
1606
1054
134
386
1561
1575
365
3
781
156
285
288
792
718
140
90
878
896
1274
514
1276
644
557
1633
374
517
652
15
550
93
860
753
1240
387
1181
433
462
316
1269
1504
1280
248
0
881
1314
624
819
461
563
575
1470
1261
598
5
494
814
96
463
705
166
1003
1531
74
1038
1189
1158
1626
205
1285
684
1196
311
330
606
1397
1056
665
1549
628
349
1437
404
1087
944
1220
222
402
186
78
1536
157
637
23
289
1528
97
1569
1583
593
964
1202
44
1208
107
112
947
1472
287
496
679
1017
339
264
1373
532
1165
1535
1076
28
809
298
187
914
704
807
803
799
757
636
161
525
409
124
1399
1002
1558
209
765
960
1177
1032
1340
1323
691
377
543
882
1134
1204
1303
1270
360
240
1131
1114
390
908
643
961
631
448
113
992
485
1063
524
1474
101
1460
85
1137
111
75
1414
1191
584
750
806
1431
1143
962
681
1253
629
1176
1343
408
588
1389
1612
9
668
520
761
506
1293
212
366
950
658
239
1537
82
582
967
1251
801
351
1513
929
996
537
1028
399
1180
275
77
1541
1172
455
785
14
1011
1532
1434
870
70
418
467
805
121
828
196
26
601
279
823
613
759
1402
1227
1092
740
869
309
1363
43
822
416
413
670
829
357
333
1169
415
217
454
1300
24
45
566
738
1324
1229
635
1552
1041
249
25
474
1277
523
586
1438
76
259
162
1476
1585
220
69
345
1586
512
1010
1418
574
986
1306
117
447
1371
924
1510
1231
1444
126
562
1013
699
1203
626
469
519
150
1597
1602
410
472
1566
431
933
904
1496
489
11
1527
946
1362
493
1042
1353
110
1095
1067
115
909
1198
846
356
712
865
1383
336
405
1242
1625
132
677
353
1283
137
1463
1091
551
1632
1370
108
1098
716
842
1365
1345
985
1360
201
1258
827
282
760
1161
1486
573
1160
812
1125
957
411
1055
1144
12
1421
890
895
1584
256
235
782
1101
8
1499
22
460
796
1564
453
1545
406
1139
1313
1309
1413
831
252
1223
654
1354
1457
975
1634
736
268
1317
569
1045
885
1407
153
836
104
576
610
615
1507
100
1066
1157
700
1029
1620
693
1381
158
1083
866
849
211
375
1147
1296
1559
1611
741
1298
284
182
1264
1007
971
713
276
219
932
1526
558
590
1502
969
609
1085
777
549
488
769
1529
1495
1064
1458
600
542
1427
1423
650
47
1605
83
1428
1392
364
968
382
232
647
145
726
772
1587
1320
1422
143
1279
499
95
176
1432
278
1020
440
1368
321
1307
1374
848
337
1256
786
362
106
722
395
1248
995
331
84
1119
922
381
269
864
35
230
1287
1475
198
227
632
207
475
48
630
702
1619
1623
930
1415
1578
771
1049
1159
784
536
1265
326
1455
46
1417
1341
731
190
296
1372
1185
955
20
559
1211
758
1249
335
344
1215
1544
1618
839
1304
696
513
1065
468
594
711
556
1631
1508
621
1622
528
1604
292
270
412
686
1225
913
1430
604
1292
135
939
391
1635
1617
203
1173
916
1308
1346
450
204
370
1271
607
1155
1521
692
1142
1479
912
1312
843
57
834
42
1082
671
900
645
1224
938
1616
901
675
959
67
426
533
1150
1361
473
263
65
79
477
1099
41
1233
768
795
1
255
662
815
824
1294
155
1182
945
1311
1627
894
193
371
1425
627
998
430
86
1356
1162
561
685
504
250
378
184
492
1512
257
1080
283
710
599
1175
673
286
487
87
1118
261
62
928
790
970
208
1188
226
1060
36
659
1052
1562
325
403
301
579
530
553
931
491
1466
857
1582
27
1336
723
1027
1254
54
568
672
388
1480
742
540
1348
855
1503
1610
482
191
50
721
329
105
618
905
608
1195
952
1377
338
346
319
245
1574
1441
974
425
324
501
310
925
773
747
37
122
61
694
125
886
419
872
30
649
666
4
776
320
1051
1403
889
509
1514
313
1019
856
1331
340
1406
1440
1516
1200
1171
1364
734
138
262
1219
804
1629
40
978
180
1260
1509
308
1301
1075
937
698
640
142
267
317
303
6
63
663
223
1199
653
1485
1221
595
177
312
1487
851
505
1072
1576
304
33
701
544
793
1350
1321
465
1212
225
1291
352
646
141
555
745
179
571
383
1391
910
577
943
739
1590
1205
323
766
369
695
617
879
421
789
136
767
1543
787
116
1250
755
210
567
1322
152
737
1148
580
183
133
1068
146
1272
703
1153
852
396
683
417
1608
982
1275
171
1135
1568
1464
423
744
942
903
717
98
706
1498
583
314
229
1078
1607
774
1520
1534
597
1073
334
88
1228
228
1286
840
926
149
254
538
1375
997
526
587
1100
873
788
863
13
307
81
1501
1126
1621
1505
1557
919
1637
915
862
2
422
1398
724
835
1404
541
719
1136
60
94
17
572
18
16
847
674
1378
159
109
515
1515
260
238
246
1593
154
751
783
1390
603
385
1355
816
1596
1435
802
379
858
66
1057
1069
151
1102
52
1459
778
940
749
299
1465
936
821
570
1133
841
963
480
907
1613
1419
293
1026
797
435
1401
1140
1565
918
1567
661
1638
221
56
545
1538
754
102
1236
458
99
322
746
400
119
1384
29
241
1290
1012
1016
1106
854
1506
1333
1494
619
1394
271
832
459
923
72
1008
407
456
253
511
897
1573
1070
1628
167
318
1024
38
1393
195
779
838
444
281
300
1609
1639
1339
481
89
1594
224
1281
596
554
197
174
1031
1167
1347
127
999
1062
1044
591
291
478
1168
949
1379
169
1493
1328
927
1579
1433
1164
1030
1409