749
792
22
3
775
420
83
284
635
376
700
754
575
115
122
751
826
695
263
577
856
336
249
150
226
248
478
617
535
10
329
46
821
206
807
147
345
766
768
254
164
188
133
437
716
532
391
426
105
728
463
864
5
178
640
774
837
309
348
850
205
314
346
385
423
425
707
163
415
412
599
503
490
319
693
274
156
316
135
721
153
72
162
765
684
138
90
834
229
673
195
94
569
270
786
342
745
356
80
685
677
544
220
672
668
361
7
31
203
142
539
421
378
16
816
443
696
276
151
472
616
305
681
93
491
849
183
300
675
753
294
649
691
175
467
144
501
858
779
869
246
867
333
258
414
84
486
632
0
519
830
600
541
52
631
198
626
278
552
547
235
559
528
353
86
88
718
234
828
295
829
646
874
564
525
810
682
250
861
217
748
113
740
505
770
787
611
642
550
63
567
549
21
588
524
752
747
48
53
285
335
66
453
124
360
815
390
781
543
201
283
141
434
230
613
193
608
508
199
732
741
222
76
555
261
96
436
282
45
589
11
459
382
57
877
70
537
801
129
722
494
823
26
377
326
820
310
77
876
565
504
406
686
811
482
499
507
458
386
847
658
708
100
60
607
817
663
428
859
313
68
32
267
701
139
349
487
289
225
840
375
186
875
832
381
667
777
515
298
862
773
509
715
449
664
358
121
172
594
39
553
468
370
424
570
614
477
645
400
179
441
767
865
55
497
288
704
551
809
498
354
82
408
157
460
98
145
439
591
556
211
606
9
538
719
720
641
240
841
17
112
465
733
372
338
268
219
365
624
114
87
585
128
14
612
803
215
836
297
255
795
495
730
29
838
99
161
814
51
794
36
170
171
644
271
281
131
603
514
562
389
180
239
118
593
407
574
79
714
655
394
622
166
802
780
639
101
19
253
674
763
269
427
364
689
526
800
303
207
630
184
168
290
392
251
561
506
65
450
651
399
484
190
851
28
637
202
657
656
868
808
568
223
236
108
580
853
75
58
327
671
510
578
797
536
110
602
196
798
790
185
670
448
523
692
430
140
383
252
531
746
456
557
522
690
782
286
92
618
723
605
49
563
243
64
455
804
299
292
529
835
2
831
197
479
102
470
47
762
518
703
842
337
678
698
189
247
410
213
401
277
280
173
328
818
744
238
315
676
872
756
244
291
727
155
208
25
339
755
844
592
321
521
546
44
242
759
769
652
181
275
50
833
371
584
758
433
279
627
107
15
109
854
227
596
395
182
778
648
825
628
18
717
398
601
566
625
447
660
647
866
735
462
590
351
659
330
634
126
334
324
783
516
500
743
739
784
457
709
318
726
192
697
69
204
669
461
413
650
362
824
127
871
805
355
442
347
209
117
306
332
379
42
152
512
638
106
187
194
159
89
712
119
307
214
403
705
582
586
264
502
488
409
621
233
340
863
737
432
24
576
454
464
85
404
517
451
513
483
363
317
573
620
74
609
706
301
259
812
679
396
610
476
417
827
405
325
581
6
846
418
132
710
272
571
368
533
839
402
380
245
174
228
266
143
785
587
661
344
38
848
154
265
771
791
761
493
542
359
62
149
